1305031102.2112  1.3493  0.6149  1.6415  0.6572  0.6140 -0.2910 -0.3263
1305031102.2432  1.3556  0.5949  1.6400  0.6539  0.6175 -0.2879 -0.3290
1305031102.2753  1.3616  0.5785  1.6377  0.6514  0.6201 -0.2852 -0.3315
1305031102.3113  1.3649  0.5656  1.6353  0.6492  0.6223 -0.2834 -0.3331
1305031102.3432  1.3693  0.5550  1.6322  0.6477  0.6230 -0.2830 -0.3350
1305031102.3753  1.3716  0.5492  1.6286  0.6467  0.6243 -0.2816 -0.3358
1305031102.4113  1.3764  0.5434  1.6238  0.6458  0.6258 -0.2789 -0.3370
1305031102.4433  1.3829  0.5248  1.6226  0.6426  0.6294 -0.2749 -0.3396
1305031102.4753  1.3836  0.5065  1.6234  0.6389  0.6341 -0.2712 -0.3408
1305031102.5112  1.3742  0.4959  1.6306  0.6358  0.6386 -0.2699 -0.3393
1305031102.5432  1.3634  0.4884  1.6375  0.6330  0.6432 -0.2683 -0.3372
1305031102.5753  1.3514  0.4934  1.6410  0.6325  0.6454 -0.2684 -0.3337
1305031102.6112  1.3393  0.5020  1.6446  0.6331  0.6447 -0.2724 -0.3306
1305031102.6433  1.3365  0.4972  1.6467  0.6321  0.6447 -0.2745 -0.3308
1305031102.6753  1.3370  0.4887  1.6456  0.6304  0.6462 -0.2740 -0.3315
1305031102.7113  1.3341  0.4851  1.6452  0.6294  0.6470 -0.2748 -0.3312
1305031102.7432  1.3306  0.4741  1.6491  0.6270  0.6488 -0.2756 -0.3316
1305031102.7755  1.3147  0.4757  1.6570  0.6254  0.6526 -0.2753 -0.3273
1305031102.8112  1.2987  0.4723  1.6670  0.6231  0.6560 -0.2765 -0.3240
1305031102.8433  1.2800  0.4714  1.6771  0.6209  0.6596 -0.2778 -0.3197
1305031102.8754  1.2649  0.4760  1.6832  0.6203  0.6617 -0.2788 -0.3157
1305031102.9112  1.2547  0.4789  1.6864  0.6197  0.6636 -0.2791 -0.3128
1305031102.9432  1.2537  0.4746  1.6836  0.6186  0.6646 -0.2790 -0.3127
1305031102.9752  1.2750  0.4677  1.6654  0.6189  0.6638 -0.2749 -0.3173
1305031103.0112  1.2926  0.4579  1.6503  0.6185  0.6632 -0.2723 -0.3218
1305031103.0432  1.3096  0.4446  1.6364  0.6173  0.6630 -0.2698 -0.3265
1305031103.0753  1.3125  0.4479  1.6286  0.6180  0.6625 -0.2692 -0.3264
1305031103.1112  1.3082  0.4441  1.6311  0.6170  0.6634 -0.2702 -0.3259
1305031103.1433  1.3040  0.4358  1.6323  0.6149  0.6653 -0.2706 -0.3256
1305031103.1755  1.2957  0.4276  1.6391  0.6125  0.6677 -0.2714 -0.3245
1305031103.2112  1.2931  0.4028  1.6449  0.6073  0.6721 -0.2705 -0.3261
1305031103.2432  1.2916  0.3685  1.6504  0.6006  0.6764 -0.2708 -0.3292
1305031103.2754  1.3051  0.3214  1.6459  0.5927  0.6804 -0.2688 -0.3370
1305031103.3112  1.3322  0.3062  1.6221  0.5915  0.6810 -0.2616 -0.3435
1305031103.3432  1.3382  0.3098  1.6169  0.5925  0.6811 -0.2585 -0.3439
1305031103.3753  1.3312  0.2959  1.6250  0.5892  0.6836 -0.2596 -0.3438
1305031103.4113  1.3317  0.2868  1.6250  0.5875  0.6839 -0.2606 -0.3452
1305031103.4433  1.3403  0.2863  1.6201  0.5882  0.6829 -0.2592 -0.3471
1305031103.4753  1.3475  0.2947  1.6144  0.5902  0.6819 -0.2566 -0.3476
1305031103.5113  1.3509  0.3121  1.6107  0.5937  0.6800 -0.2552 -0.3464
1305031103.5434  1.3545  0.3329  1.6069  0.5981  0.6770 -0.2546 -0.3451
1305031103.5755  1.3621  0.3425  1.6041  0.6009  0.6735 -0.2557 -0.3463
1305031103.6112  1.3761  0.3461  1.5956  0.6031  0.6699 -0.2555 -0.3496
1305031103.6434  1.3902  0.3553  1.5871  0.6063  0.6661 -0.2546 -0.3520
1305031103.6755  1.3977  0.3662  1.5842  0.6091  0.6635 -0.2538 -0.3527
1305031103.7116  1.4002  0.3749  1.5871  0.6111  0.6615 -0.2543 -0.3526
1305031103.7433  1.3983  0.3887  1.5913  0.6136  0.6599 -0.2548 -0.3509
1305031103.7753  1.3951  0.4029  1.5992  0.6159  0.6591 -0.2544 -0.3488
1305031103.8112  1.3902  0.4063  1.6105  0.6158  0.6605 -0.2531 -0.3471
1305031103.8433  1.3915  0.3938  1.6201  0.6133  0.6630 -0.2508 -0.3484
1305031103.8754  1.4013  0.3846  1.6165  0.6117  0.6654 -0.2454 -0.3506
1305031103.9112  1.4131  0.3947  1.6095  0.6144  0.6632 -0.2426 -0.3519
1305031103.9432  1.4215  0.4024  1.6079  0.6166  0.6611 -0.2413 -0.3530
1305031103.9754  1.4260  0.4141  1.6063  0.6191  0.6592 -0.2402 -0.3528
1305031104.0112  1.4234  0.4356  1.6083  0.6231  0.6566 -0.2409 -0.3503
1305031104.0432  1.4103  0.4643  1.6195  0.6277  0.6537 -0.2440 -0.3451
1305031104.0754  1.3920  0.4803  1.6387  0.6292  0.6541 -0.2465 -0.3398
1305031104.1112  1.3701  0.4974  1.6570  0.6308  0.6543 -0.2502 -0.3338
1305031104.1432  1.3527  0.5129  1.6721  0.6326  0.6528 -0.2552 -0.3295
1305031104.1754  1.3433  0.5250  1.6823  0.6342  0.6514 -0.2581 -0.3269
1305031104.2113  1.3358  0.5385  1.6887  0.6363  0.6492 -0.2611 -0.3246
1305031104.2432  1.3285  0.5516  1.6965  0.6383  0.6471 -0.2642 -0.3225
1305031104.2755  1.3185  0.5670  1.7046  0.6404  0.6455 -0.2668 -0.3194
1305031104.3112  1.3073  0.5764  1.7150  0.6414  0.6444 -0.2701 -0.3168
1305031104.3433  1.2918  0.5859  1.7295  0.6419  0.6443 -0.2733 -0.3132
1305031104.3758  1.2762  0.5874  1.7453  0.6410  0.6448 -0.2772 -0.3106
1305031104.4115  1.2664  0.5842  1.7579  0.6398  0.6449 -0.2807 -0.3097
1305031104.4433  1.2661  0.5757  1.7656  0.6384  0.6449 -0.2824 -0.3111
1305031104.4755  1.2752  0.5674  1.7648  0.6378  0.6442 -0.2822 -0.3141
1305031104.5113  1.2872  0.5659  1.7597  0.6386  0.6421 -0.2819 -0.3169
1305031104.5434  1.2938  0.5765  1.7548  0.6411  0.6393 -0.2819 -0.3175
1305031104.5753  1.2894  0.5959  1.7541  0.6442  0.6367 -0.2835 -0.3150
1305031104.6113  1.2694  0.6355  1.7575  0.6497  0.6317 -0.2898 -0.3080
1305031104.6432  1.2391  0.6759  1.7716  0.6544  0.6269 -0.2984 -0.2995
1305031104.6755  1.2108  0.7129  1.7796  0.6585  0.6217 -0.3078 -0.2918
1305031104.7113  1.1859  0.7521  1.7862  0.6630  0.6146 -0.3186 -0.2849
1305031104.7433  1.1604  0.7919  1.7915  0.6674  0.6084 -0.3278 -0.2776
1305031104.7753  1.1362  0.8254  1.7968  0.6706  0.6027 -0.3369 -0.2711
1305031104.8115  1.1122  0.8539  1.8048  0.6728  0.5979 -0.3456 -0.2653
1305031104.8433  1.0901  0.8726  1.8142  0.6735  0.5946 -0.3534 -0.2606
1305031104.8753  1.0820  0.8783  1.8206  0.6733  0.5924 -0.3582 -0.2595
1305031104.9115  1.0773  0.8793  1.8248  0.6729  0.5917 -0.3608 -0.2589
1305031104.9433  1.0740  0.8750  1.8287  0.6717  0.5920 -0.3622 -0.2590
1305031104.9752  1.0754  0.8610  1.8354  0.6695  0.5936 -0.3625 -0.2609
1305031105.0113  1.0738  0.8402  1.8449  0.6660  0.5975 -0.3613 -0.2626
1305031105.0434  1.0714  0.8191  1.8532  0.6625  0.6026 -0.3583 -0.2638
1305031105.0753  1.0685  0.7972  1.8601  0.6589  0.6082 -0.3548 -0.2646
1305031105.1113  1.0678  0.7770  1.8645  0.6556  0.6128 -0.3522 -0.2657
1305031105.1431  1.0726  0.7488  1.8718  0.6515  0.6184 -0.3478 -0.2687
1305031105.1751  1.0776  0.7037  1.8825  0.6447  0.6280 -0.3401 -0.2726
1305031105.2113  1.0900  0.6663  1.8799  0.6395  0.6354 -0.3326 -0.2768
1305031105.2433  1.1086  0.6335  1.8751  0.6355  0.6404 -0.3260 -0.2822
1305031105.2753  1.1299  0.5912  1.8713  0.6300  0.6465 -0.3187 -0.2891
1305031105.3113  1.1551  0.5534  1.8619  0.6254  0.6513 -0.3112 -0.2962
1305031105.3433  1.1752  0.5270  1.8512  0.6222  0.6553 -0.3045 -0.3013
1305031105.3753  1.1900  0.5135  1.8410  0.6208  0.6567 -0.3007 -0.3048
1305031105.4113  1.2015  0.4928  1.8370  0.6180  0.6603 -0.2954 -0.3080
1305031105.4433  1.2108  0.4730  1.8306  0.6148  0.6644 -0.2902 -0.3105
1305031105.4753  1.2180  0.4604  1.8254  0.6129  0.6665 -0.2872 -0.3124
1305031105.5113  1.2213  0.4440  1.8240  0.6100  0.6699 -0.2841 -0.3139
1305031105.5433  1.2183  0.4289  1.8254  0.6067  0.6731 -0.2831 -0.3142
1305031105.5754  1.2178  0.4168  1.8250  0.6042  0.6756 -0.2818 -0.3148
1305031105.6114  1.2143  0.4087  1.8247  0.6022  0.6779 -0.2810 -0.3143
1305031105.6433  1.2129  0.3983  1.8239  0.6002  0.6785 -0.2828 -0.3154
1305031105.6752  1.2085  0.3913  1.8254  0.5983  0.6806 -0.2823 -0.3148
1305031105.7113  1.1902  0.4006  1.8302  0.5982  0.6825 -0.2835 -0.3097
1305031105.7433  1.1674  0.4058  1.8421  0.5973  0.6844 -0.2865 -0.3046
1305031105.7753  1.1401  0.4056  1.8557  0.5948  0.6877 -0.2896 -0.2990
1305031105.8113  1.1132  0.4106  1.8674  0.5934  0.6898 -0.2935 -0.2932
1305031105.8433  1.0908  0.4145  1.8768  0.5922  0.6914 -0.2967 -0.2884
1305031105.8753  1.0722  0.4078  1.8725  0.5911  0.6913 -0.3013 -0.2862
1305031105.9113  1.0553  0.3864  1.8805  0.5860  0.6936 -0.3065 -0.2856
1305031105.9433  1.0402  0.3666  1.8872  0.5812  0.6967 -0.3095 -0.2847
1305031105.9753  1.0293  0.3415  1.8912  0.5756  0.7007 -0.3107 -0.2848
1305031106.0113  1.0162  0.3180  1.8960  0.5701  0.7048 -0.3121 -0.2843
1305031106.0433  1.0057  0.2940  1.8984  0.5646  0.7088 -0.3131 -0.2841
1305031106.0753  1.0005  0.2698  1.8981  0.5596  0.7120 -0.3139 -0.2852
1305031106.1113  0.9986  0.2396  1.8967  0.5536  0.7163 -0.3130 -0.2873
1305031106.1433  1.0026  0.2067  1.8907  0.5476  0.7200 -0.3118 -0.2907
1305031106.1755  1.0059  0.1864  1.8847  0.5438  0.7224 -0.3109 -0.2929
1305031106.2113  1.0087  0.1737  1.8777  0.5413  0.7243 -0.3096 -0.2940
1305031106.2433  1.0142  0.1612  1.8709  0.5395  0.7238 -0.3113 -0.2969
1305031106.2764  1.0193  0.1450  1.8656  0.5368  0.7251 -0.3107 -0.2994
1305031106.3112  1.0226  0.1184  1.8617  0.5321  0.7268 -0.3112 -0.3031
1305031106.3433  1.0265  0.0863  1.8586  0.5262  0.7304 -0.3090 -0.3068
1305031106.3754  1.0173  0.0659  1.8629  0.5208  0.7384 -0.3018 -0.3041
1305031106.4113  0.9919  0.0609  1.8744  0.5169  0.7450 -0.2990 -0.2972
1305031106.4433  0.9786  0.0668  1.8813  0.5166  0.7474 -0.2979 -0.2928
1305031106.4753  0.9830  0.0703  1.8813  0.5175  0.7472 -0.2965 -0.2931
1305031106.5111  0.9961  0.0797  1.8773  0.5204  0.7451 -0.2951 -0.2950
1305031106.5433  1.0097  0.0964  1.8761  0.5248  0.7424 -0.2930 -0.2960
1305031106.5753  1.0164  0.1100  1.8790  0.5281  0.7404 -0.2920 -0.2962
1305031106.6112  1.0287  0.1144  1.8795  0.5300  0.7399 -0.2883 -0.2977
1305031106.6432  1.0372  0.1254  1.8813  0.5326  0.7392 -0.2851 -0.2977
1305031106.6753  1.0522  0.1301  1.8817  0.5350  0.7367 -0.2839 -0.3008
1305031106.7115  1.0761  0.1271  1.8766  0.5363  0.7355 -0.2793 -0.3056
1305031106.7433  1.1016  0.1335  1.8713  0.5397  0.7322 -0.2762 -0.3103
1305031106.7754  1.1234  0.1398  1.8685  0.5427  0.7297 -0.2727 -0.3140
1305031106.8113  1.1385  0.1379  1.8703  0.5436  0.7288 -0.2699 -0.3171
1305031106.8434  1.1524  0.1464  1.8689  0.5460  0.7278 -0.2660 -0.3185
1305031106.8759  1.1574  0.1798  1.8742  0.5526  0.7249 -0.2637 -0.3156
1305031106.9112  1.1542  0.1980  1.8874  0.5557  0.7242 -0.2623 -0.3128
1305031106.9434  1.1472  0.2183  1.8986  0.5587  0.7247 -0.2600 -0.3085
1305031106.9755  1.1356  0.2540  1.9109  0.5643  0.7227 -0.2602 -0.3027
1305031107.0116  1.1252  0.2765  1.9276  0.5679  0.7208 -0.2619 -0.2989
1305031107.0433  1.1148  0.2838  1.9404  0.5684  0.7220 -0.2611 -0.2958
1305031107.0754  1.1123  0.3070  1.9462  0.5725  0.7191 -0.2624 -0.2937
1305031107.1112  1.1149  0.3230  1.9525  0.5758  0.7164 -0.2631 -0.2933
1305031107.1433  1.1093  0.3281  1.9640  0.5764  0.7164 -0.2635 -0.2919
1305031107.1754  1.1003  0.3439  1.9726  0.5785  0.7157 -0.2640 -0.2888
1305031107.2113  1.0870  0.3744  1.9822  0.5829  0.7134 -0.2658 -0.2839
1305031107.2434  1.0724  0.3961  1.9948  0.5858  0.7113 -0.2692 -0.2800
1305031107.2754  1.0549  0.4201  2.0061  0.5888  0.7094 -0.2726 -0.2752
1305031107.3112  1.0361  0.4542  2.0141  0.5935  0.7065 -0.2760 -0.2693
1305031107.3435  1.0154  0.4998  2.0213  0.5998  0.7016 -0.2811 -0.2625
1305031107.3754  0.9917  0.5285  2.0356  0.6032  0.6981 -0.2876 -0.2571
1305031107.4113  0.9662  0.5556  2.0455  0.6059  0.6964 -0.2916 -0.2506
1305031107.4434  0.9426  0.5713  2.0571  0.6069  0.6952 -0.2964 -0.2459
1305031107.4754  0.9198  0.5807  2.0672  0.6068  0.6950 -0.3007 -0.2416
1305031107.5113  0.9018  0.5784  2.0791  0.6051  0.6958 -0.3042 -0.2392
1305031107.5436  0.8868  0.5635  2.0895  0.6015  0.6981 -0.3069 -0.2382
1305031107.5754  0.8740  0.5626  2.0938  0.6003  0.6984 -0.3098 -0.2363
1305031107.6113  0.8657  0.5531  2.1011  0.5981  0.6990 -0.3127 -0.2364
1305031107.6433  0.8566  0.5356  2.1078  0.5945  0.7016 -0.3137 -0.2363
1305031107.6756  0.8536  0.5298  2.1099  0.5934  0.7029 -0.3132 -0.2361
1305031107.7113  0.8538  0.5166  2.1128  0.5912  0.7039 -0.3139 -0.2375
1305031107.7435  0.8607  0.4962  2.1137  0.5884  0.7058 -0.3128 -0.2405
1305031107.7758  0.8693  0.4865  2.1108  0.5875  0.7076 -0.3093 -0.2420
1305031107.8116  0.8735  0.4718  2.1123  0.5853  0.7089 -0.3087 -0.2441
1305031107.8433  0.8703  0.4632  2.1144  0.5837  0.7114 -0.3064 -0.2434
1305031107.8753  0.8553  0.4701  2.1175  0.5839  0.7138 -0.3043 -0.2388
1305031107.9115  0.8330  0.4787  2.1235  0.5838  0.7155 -0.3047 -0.2334
1305031107.9431  0.8069  0.4891  2.1305  0.5837  0.7164 -0.3071 -0.2277
1305031107.9758  0.7749  0.5029  2.1386  0.5838  0.7170 -0.3105 -0.2208
1305031108.0113  0.7354  0.5238  2.1483  0.5846  0.7178 -0.3134 -0.2116
1305031108.0434  0.6846  0.5317  2.1652  0.5822  0.7192 -0.3204 -0.2026
1305031108.0754  0.6290  0.5354  2.1799  0.5786  0.7203 -0.3300 -0.1937
1305031108.1114  0.5847  0.5509  2.1883  0.5779  0.7211 -0.3346 -0.1846
1305031108.1433  0.5467  0.5587  2.1986  0.5765  0.7222 -0.3385 -0.1776
1305031108.1760  0.5111  0.5456  2.2141  0.5717  0.7248 -0.3433 -0.1732
1305031108.2115  0.4794  0.5316  2.2239  0.5673  0.7296 -0.3431 -0.1678
1305031108.2433  0.4312  0.5427  2.2301  0.5660  0.7326 -0.3440 -0.1568
1305031108.2754  0.3893  0.5387  2.2428  0.5623  0.7347 -0.3485 -0.1502
1305031108.3113  0.3638  0.5185  2.2535  0.5572  0.7381 -0.3508 -0.1476
1305031108.3433  0.3493  0.4943  2.2616  0.5523  0.7417 -0.3511 -0.1467
1305031108.3754  0.3438  0.4687  2.2684  0.5476  0.7438 -0.3533 -0.1487
1305031108.4114  0.3391  0.4517  2.2746  0.5445  0.7452 -0.3546 -0.1498
1305031108.4436  0.3213  0.4338  2.2845  0.5401  0.7467 -0.3584 -0.1493
1305031108.4755  0.3006  0.4280  2.2906  0.5374  0.7471 -0.3624 -0.1473
1305031108.5114  0.2540  0.4463  2.2981  0.5372  0.7466 -0.3674 -0.1380
1305031108.5437  0.1925  0.4767  2.3021  0.5380  0.7464 -0.3716 -0.1244
1305031108.5754  0.1425  0.4883  2.3111  0.5364  0.7471 -0.3753 -0.1150
1305031108.6114  0.0844  0.4959  2.3159  0.5336  0.7488 -0.3791 -0.1039
1305031108.6433  0.0427  0.4952  2.3122  0.5309  0.7488 -0.3845 -0.0982
1305031108.6754 -0.0044  0.4768  2.3145  0.5236  0.7514 -0.3907 -0.0926
1305031108.7114 -0.0498  0.4564  2.3110  0.5163  0.7526 -0.3986 -0.0899
1305031108.7435 -0.0823  0.4496  2.3060  0.5128  0.7534 -0.4023 -0.0871
1305031108.7755 -0.1111  0.4427  2.3025  0.5094  0.7540 -0.4062 -0.0842
1305031108.8112 -0.1322  0.4330  2.3020  0.5048  0.7536 -0.4126 -0.0836
1305031108.8433 -0.1332  0.4346  2.3015  0.5036  0.7510 -0.4184 -0.0859
1305031108.8765 -0.1195  0.4400  2.3019  0.5044  0.7478 -0.4222 -0.0900
1305031108.9114 -0.1005  0.4512  2.3005  0.5067  0.7439 -0.4254 -0.0944
1305031108.9432 -0.0798  0.4712  2.2999  0.5114  0.7405 -0.4253 -0.0968
1305031108.9753 -0.0508  0.4809  2.3032  0.5161  0.7395 -0.4206 -0.0998
1305031109.0113 -0.0345  0.4759  2.3053  0.5170  0.7403 -0.4173 -0.1022
1305031109.0433 -0.0213  0.4777  2.3078  0.5188  0.7403 -0.4148 -0.1039
1305031109.0754 -0.0035  0.4656  2.3147  0.5195  0.7432 -0.4081 -0.1059
1305031109.1113  0.0122  0.4465  2.3194  0.5181  0.7456 -0.4046 -0.1095
1305031109.1433  0.0447  0.4426  2.3233  0.5203  0.7451 -0.4010 -0.1154
1305031109.1755  0.0894  0.4364  2.3276  0.5235  0.7455 -0.3941 -0.1223
1305031109.2114  0.1279  0.4026  2.3376  0.5209  0.7472 -0.3910 -0.1321
1305031109.2433  0.1623  0.3572  2.3440  0.5154  0.7483 -0.3920 -0.1442
1305031109.2753  0.2091  0.3448  2.3421  0.5161  0.7448 -0.3932 -0.1558
1305031109.3113  0.2728  0.3486  2.3418  0.5216  0.7406 -0.3893 -0.1667
1305031109.3432  0.3389  0.3299  2.3410  0.5242  0.7401 -0.3815 -0.1786
1305031109.3754  0.3980  0.3145  2.3342  0.5264  0.7389 -0.3754 -0.1897
1305031109.4113  0.4482  0.3100  2.3296  0.5300  0.7382 -0.3678 -0.1970
1305031109.4433  0.4805  0.2965  2.3267  0.5309  0.7409 -0.3598 -0.1996
1305031109.4754  0.5087  0.2826  2.3219  0.5309  0.7420 -0.3546 -0.2045
1305031109.5113  0.5378  0.2828  2.3156  0.5333  0.7416 -0.3496 -0.2084
1305031109.5433  0.5648  0.2906  2.3097  0.5366  0.7400 -0.3458 -0.2117
1305031109.5754  0.5858  0.2816  2.3080  0.5366  0.7392 -0.3448 -0.2165
1305031109.6113  0.6120  0.2736  2.3047  0.5372  0.7389 -0.3413 -0.2212
1305031109.6432  0.6355  0.2655  2.3008  0.5376  0.7387 -0.3382 -0.2256
1305031109.6753  0.6580  0.2394  2.3004  0.5347  0.7384 -0.3386 -0.2329
1305031109.7113  0.6910  0.2167  2.2956  0.5334  0.7387 -0.3348 -0.2403
1305031109.7433  0.7228  0.1895  2.2887  0.5312  0.7397 -0.3305 -0.2478
1305031109.7753  0.7477  0.1675  2.2826  0.5293  0.7399 -0.3284 -0.2541
1305031109.8114  0.7715  0.1462  2.2780  0.5274  0.7401 -0.3261 -0.2602
1305031109.8433  0.8023  0.1226  2.2693  0.5257  0.7404 -0.3224 -0.2674
1305031109.8753  0.8390  0.0963  2.2583  0.5240  0.7403 -0.3182 -0.2760
1305031109.9113  0.8852  0.0901  2.2392  0.5262  0.7391 -0.3107 -0.2834
1305031109.9433  0.9108  0.0877  2.2292  0.5282  0.7395 -0.3055 -0.2843
1305031109.9753  0.9390  0.0670  2.2150  0.5266  0.7414 -0.2989 -0.2895
1305031110.0113  0.9672  0.0592  2.2007  0.5270  0.7428 -0.2911 -0.2930
1305031110.0433  0.9896  0.0525  2.1881  0.5272  0.7444 -0.2840 -0.2954
1305031110.0753  1.0095  0.0414  2.1771  0.5264  0.7457 -0.2787 -0.2986
1305031110.1113  1.0368  0.0196  2.1606  0.5242  0.7474 -0.2724 -0.3040
1305031110.1434  1.0720  0.0162  2.1385  0.5257  0.7458 -0.2672 -0.3099
1305031110.1756  1.1045  0.0015  2.1217  0.5252  0.7450 -0.2624 -0.3167
1305031110.2116  1.1358 -0.0157  2.1012  0.5240  0.7447 -0.2574 -0.3233
1305031110.2433  1.1700 -0.0230  2.0793  0.5249  0.7418 -0.2547 -0.3307
1305031110.2793  1.2000 -0.0191  2.0609  0.5275  0.7386 -0.2518 -0.3361
1305031110.3114  1.2303 -0.0118  2.0422  0.5307  0.7348 -0.2489 -0.3413
1305031110.3433  1.2656 -0.0147  2.0205  0.5325  0.7314 -0.2452 -0.3483
1305031110.3793  1.3055 -0.0111  1.9933  0.5355  0.7279 -0.2395 -0.3551
1305031110.4115  1.3482 -0.0143  1.9649  0.5374  0.7246 -0.2331 -0.3630
1305031110.4433  1.3880 -0.0327  1.9349  0.5362  0.7238 -0.2251 -0.3713
1305031110.4793  1.4314 -0.0324  1.8989  0.5381  0.7218 -0.2154 -0.3781
1305031110.5114  1.4744 -0.0294  1.8635  0.5408  0.7182 -0.2078 -0.3854
1305031110.5434  1.5130 -0.0345  1.8322  0.5417  0.7157 -0.2003 -0.3927
1305031110.5794  1.5480 -0.0460  1.8012  0.5407  0.7154 -0.1910 -0.3992
1305031110.6113  1.5721 -0.0493  1.7749  0.5406  0.7153 -0.1837 -0.4030
1305031110.6434  1.5897 -0.0357  1.7577  0.5436  0.7128 -0.1801 -0.4050
1305031110.6796  1.6079 -0.0383  1.7426  0.5441  0.7112 -0.1767 -0.4087
1305031110.7114  1.6216 -0.0485  1.7264  0.5425  0.7114 -0.1728 -0.4119
1305031110.7432  1.6332 -0.0466  1.7143  0.5433  0.7103 -0.1703 -0.4138
1305031110.7792  1.6430 -0.0484  1.7066  0.5435  0.7093 -0.1687 -0.4160
1305031110.8114  1.6465 -0.0491  1.7018  0.5432  0.7097 -0.1670 -0.4164
1305031110.8432  1.6554 -0.0509  1.6922  0.5429  0.7098 -0.1639 -0.4178
1305031110.8793  1.6608 -0.0516  1.6862  0.5429  0.7094 -0.1627 -0.4189
1305031110.9113  1.6635 -0.0528  1.6848  0.5426  0.7099 -0.1611 -0.4192
1305031110.9439  1.6646 -0.0481  1.6832  0.5429  0.7106 -0.1591 -0.4183
1305031110.9793  1.6530 -0.0489  1.6964  0.5417  0.7133 -0.1590 -0.4152
1305031111.0114  1.6262 -0.0559  1.7214  0.5388  0.7182 -0.1614 -0.4097
1305031111.0433  1.5955 -0.0616  1.7504  0.5366  0.7216 -0.1673 -0.4042
1305031111.0793  1.5754 -0.0803  1.7699  0.5325  0.7251 -0.1708 -0.4020
1305031111.1115  1.5534 -0.0914  1.7872  0.5293  0.7285 -0.1740 -0.3986
1305031111.1432  1.5288 -0.0869  1.8092  0.5289  0.7308 -0.1776 -0.3932
1305031111.1793  1.4960 -0.0740  1.8394  0.5292  0.7345 -0.1803 -0.3847
1305031111.2114  1.4468 -0.0802  1.8814  0.5261  0.7387 -0.1895 -0.3763
1305031111.2432  1.4197 -0.0794  1.9024  0.5249  0.7413 -0.1934 -0.3709
1305031111.2793  1.3908 -0.0573  1.9246  0.5271  0.7428 -0.1966 -0.3630
1305031111.3115  1.3539 -0.0591  1.9565  0.5259  0.7438 -0.2055 -0.3577
1305031111.3434  1.3499 -0.0754  1.9605  0.5225  0.7467 -0.2040 -0.3575
1305031111.3791  1.3334 -0.0682  1.9689  0.5226  0.7481 -0.2057 -0.3535
1305031111.4113  1.3181 -0.0524  1.9852  0.5250  0.7473 -0.2088 -0.3496
1305031111.4434  1.3132 -0.0318  1.9896  0.5272  0.7503 -0.2022 -0.3438
1305031111.4792  1.2549 -0.0027  2.0272  0.5287  0.7549 -0.2061 -0.3288
1305031111.5113  1.1868  0.0107  2.0721  0.5278  0.7585 -0.2158 -0.3154
1305031111.5433  1.1334  0.0320  2.1019  0.5286  0.7610 -0.2219 -0.3036
1305031111.5792  1.0686  0.0374  2.1408  0.5266  0.7631 -0.2334 -0.2931
1305031111.6113  1.0309  0.0166  2.1630  0.5216  0.7645 -0.2432 -0.2905
1305031111.6434  1.0064  0.0337  2.1720  0.5231  0.7632 -0.2491 -0.2859
1305031111.6793  0.9451  0.0497  2.2062  0.5228  0.7635 -0.2601 -0.2758
1305031111.7118  0.8823  0.0565  2.2342  0.5203  0.7673 -0.2662 -0.2639
1305031111.7434  0.7976  0.0886  2.2639  0.5204  0.7702 -0.2748 -0.2460
1305031111.7794  0.6886  0.1017  2.3046  0.5161  0.7737 -0.2885 -0.2274
1305031111.8114  0.6012  0.1105  2.3304  0.5121  0.7766 -0.2991 -0.2125
1305031111.8433  0.5301  0.1302  2.3503  0.5109  0.7780 -0.3067 -0.1992
1305031111.8794  0.4763  0.1217  2.3666  0.5060  0.7795 -0.3152 -0.1925
1305031111.9114  0.4595  0.1149  2.3710  0.5028  0.7788 -0.3214 -0.1934
1305031111.9433  0.4534  0.1249  2.3728  0.5039  0.7760 -0.3263 -0.1937
1305031111.9794  0.4144  0.1382  2.3807  0.5034  0.7755 -0.3320 -0.1869
1305031112.0114  0.3492  0.1591  2.3905  0.5027  0.7772 -0.3364 -0.1732
1305031112.0433  0.2790  0.1834  2.4007  0.5022  0.7790 -0.3405 -0.1582
1305031112.0793  0.1928  0.1974  2.4094  0.4987  0.7813 -0.3475 -0.1421
1305031112.1114  0.1331  0.2057  2.4158  0.4962  0.7836 -0.3503 -0.1305
1305031112.1443  0.0732  0.2195  2.4183  0.4956  0.7876 -0.3475 -0.1152
1305031112.1794 -0.0189  0.2125  2.4210  0.4885  0.7922 -0.3522 -0.0984
1305031112.2113 -0.0927  0.2212  2.4169  0.4855  0.7949 -0.3543 -0.0827
1305031112.2434 -0.1514  0.2485  2.4090  0.4872  0.7945 -0.3553 -0.0723
1305031112.2794 -0.2002  0.2736  2.4025  0.4889  0.7934 -0.3573 -0.0619
1305031112.3113 -0.2259  0.3005  2.3931  0.4917  0.7915 -0.3586 -0.0563
1305031112.3433 -0.2468  0.3314  2.3859  0.4951  0.7883 -0.3619 -0.0509
1305031112.3794 -0.2510  0.3502  2.3816  0.4980  0.7850 -0.3648 -0.0515
1305031112.4114 -0.2641  0.3581  2.3776  0.4979  0.7837 -0.3680 -0.0495
1305031112.4434 -0.2807  0.3695  2.3715  0.4976  0.7813 -0.3737 -0.0477
1305031112.4794 -0.2884  0.3830  2.3682  0.4976  0.7775 -0.3814 -0.0486
1305031112.5115 -0.2864  0.3925  2.3656  0.4982  0.7747 -0.3862 -0.0505
1305031112.5432 -0.2881  0.4028  2.3623  0.4992  0.7729 -0.3885 -0.0504
1305031112.5793 -0.2883  0.4103  2.3604  0.4996  0.7709 -0.3919 -0.0513
1305031112.6113 -0.3105  0.4069  2.3558  0.4967  0.7707 -0.3962 -0.0487
1305031112.6432 -0.3539  0.3950  2.3497  0.4900  0.7708 -0.4047 -0.0445
1305031112.6799 -0.3908  0.3857  2.3442  0.4847  0.7713 -0.4105 -0.0404
1305031112.7113 -0.4186  0.3735  2.3411  0.4801  0.7725 -0.4139 -0.0372
1305031112.7432 -0.4449  0.3464  2.3430  0.4731  0.7751 -0.4174 -0.0355
1305031112.7793 -0.4623  0.3138  2.3412  0.4654  0.7775 -0.4213 -0.0370
1305031112.8113 -0.4538  0.3033  2.3456  0.4639  0.7780 -0.4218 -0.0404
1305031112.8433 -0.4300  0.2855  2.3541  0.4638  0.7803 -0.4173 -0.0446
1305031112.8794 -0.4132  0.2655  2.3583  0.4615  0.7815 -0.4169 -0.0500
1305031112.9114 -0.3881  0.2511  2.3666  0.4604  0.7812 -0.4177 -0.0572
1305031112.9433 -0.3532  0.2397  2.3744  0.4615  0.7817 -0.4145 -0.0642
1305031112.9793 -0.3189  0.2331  2.3815  0.4638  0.7825 -0.4096 -0.0695
1305031113.0113 -0.2969  0.2208  2.3896  0.4639  0.7833 -0.4071 -0.0738
1305031113.0432 -0.2782  0.1990  2.3964  0.4621  0.7853 -0.4044 -0.0783
1305031113.0793 -0.2472  0.1987  2.4008  0.4647  0.7852 -0.4007 -0.0833
1305031113.1113 -0.2078  0.2049  2.4107  0.4698  0.7852 -0.3939 -0.0871
1305031113.1433 -0.1812  0.1873  2.4194  0.4694  0.7868 -0.3900 -0.0920
1305031113.1793 -0.1511  0.1773  2.4242  0.4692  0.7853 -0.3914 -0.1002
1305031113.2113 -0.0998  0.1853  2.4323  0.4740  0.7818 -0.3900 -0.1094
1305031113.2432 -0.0435  0.1702  2.4420  0.4758  0.7811 -0.3861 -0.1203
1305031113.2793  0.0065  0.1627  2.4432  0.4778  0.7789 -0.3847 -0.1308
1305031113.3115  0.0532  0.1780  2.4466  0.4813  0.7755 -0.3850 -0.1367
1305031113.3433  0.1219  0.1892  2.4475  0.4883  0.7727 -0.3783 -0.1463
1305031113.3793  0.1789  0.1723  2.4440  0.4899  0.7740 -0.3706 -0.1534
1305031113.4116  0.2322  0.1705  2.4368  0.4924  0.7724 -0.3674 -0.1612
1305031113.4433  0.2778  0.1798  2.4332  0.4977  0.7722 -0.3600 -0.1625
1305031113.4793  0.3357  0.1609  2.4269  0.4994  0.7747 -0.3484 -0.1707
1305031113.5115  0.3892  0.1379  2.4196  0.4995  0.7755 -0.3413 -0.1805
1305031113.5432  0.4437  0.1249  2.4098  0.5012  0.7751 -0.3345 -0.1899
1305031113.5793  0.4904  0.1188  2.4014  0.5035  0.7751 -0.3271 -0.1967
1305031113.6113  0.5256  0.1024  2.3943  0.5033  0.7765 -0.3205 -0.2024
1305031113.6432  0.5491  0.0853  2.3887  0.5021  0.7778 -0.3163 -0.2070
1305031113.6793  0.5703  0.0746  2.3832  0.5018  0.7781 -0.3135 -0.2112
1305031113.7119  0.5884  0.0719  2.3779  0.5025  0.7785 -0.3096 -0.2134
1305031113.7436  0.5966  0.0721  2.3757  0.5032  0.7791 -0.3067 -0.2138
1305031113.7793  0.6090  0.0724  2.3713  0.5040  0.7786 -0.3054 -0.2158
1305031113.8112  0.6253  0.0707  2.3671  0.5047  0.7776 -0.3045 -0.2190
1305031113.8433  0.6355  0.0622  2.3647  0.5040  0.7782 -0.3027 -0.2211
1305031113.8793  0.6431  0.0707  2.3640  0.5037  0.7804 -0.2998 -0.2178
1305031113.9113  0.6709  0.0772  2.3555  0.5065  0.7775 -0.2988 -0.2227
1305031113.9433  0.6809  0.0885  2.3505  0.5090  0.7764 -0.2972 -0.2231
1305031113.9793  0.6951  0.1035  2.3437  0.5123  0.7754 -0.2940 -0.2234
1305031114.0113  0.7163  0.1151  2.3348  0.5155  0.7739 -0.2907 -0.2254
1305031114.0433  0.7572  0.1164  2.3190  0.5183  0.7710 -0.2877 -0.2328
1305031114.0793  0.8064  0.1251  2.3007  0.5228  0.7668 -0.2839 -0.2410
1305031114.1113  0.8542  0.1321  2.2822  0.5269  0.7638 -0.2782 -0.2483
1305031114.1433  0.8970  0.1329  2.2643  0.5296  0.7618 -0.2724 -0.2551
1305031114.1793  0.9250  0.1476  2.2504  0.5337  0.7589 -0.2690 -0.2585
1305031114.2113  0.9486  0.1452  2.2415  0.5347  0.7573 -0.2672 -0.2631
1305031114.2433  0.9844  0.1381  2.2226  0.5356  0.7564 -0.2615 -0.2693
1305031114.2794  1.0355  0.1357  2.1969  0.5384  0.7525 -0.2571 -0.2789
1305031114.3114  1.0897  0.1249  2.1701  0.5398  0.7492 -0.2518 -0.2897
1305031114.3433  1.1279  0.1257  2.1493  0.5419  0.7477 -0.2449 -0.2954
1305031114.3793  1.1504  0.1340  2.1352  0.5444  0.7467 -0.2397 -0.2978
1305031114.4114  1.1753  0.1415  2.1198  0.5470  0.7446 -0.2358 -0.3012
1305031114.4433  1.2113  0.1379  2.0983  0.5486  0.7416 -0.2324 -0.3084
1305031114.4793  1.2580  0.1371  2.0680  0.5512  0.7374 -0.2275 -0.3173
1305031114.5113  1.3020  0.1353  2.0408  0.5532  0.7345 -0.2208 -0.3251
1305031114.5432  1.3261  0.1213  2.0240  0.5521  0.7338 -0.2177 -0.3307
1305031114.5792  1.3368  0.1066  2.0161  0.5507  0.7323 -0.2195 -0.3351
1305031114.6114  1.3484  0.0843  2.0095  0.5480  0.7316 -0.2207 -0.3402
1305031114.6441  1.3679  0.0592  1.9943  0.5449  0.7316 -0.2187 -0.3463
1305031114.6793  1.3986  0.0512  1.9708  0.5451  0.7300 -0.2137 -0.3525
1305031114.7113  1.4173  0.0492  1.9556  0.5458  0.7285 -0.2111 -0.3562
1305031114.7432  1.4289  0.0626  1.9460  0.5483  0.7278 -0.2069 -0.3562
1305031114.7793  1.4318  0.0781  1.9450  0.5507  0.7276 -0.2041 -0.3545
1305031114.8113  1.4282  0.0756  1.9494  0.5499  0.7287 -0.2039 -0.3537
1305031114.8432  1.4270  0.0814  1.9500  0.5504  0.7298 -0.2014 -0.3520
1305031114.8793  1.4213  0.0756  1.9561  0.5489  0.7314 -0.2014 -0.3510
1305031114.9129  1.4160  0.0703  1.9612  0.5474  0.7335 -0.2002 -0.3497
1305031114.9432  1.4043  0.0630  1.9708  0.5448  0.7377 -0.1975 -0.3465
1305031114.9793  1.3836  0.0525  1.9863  0.5415  0.7419 -0.1978 -0.3425
1305031115.0113  1.3676  0.0335  1.9991  0.5367  0.7471 -0.1960 -0.3395
1305031115.0435  1.3414  0.0231  2.0141  0.5329  0.7527 -0.1952 -0.3338
1305031115.0792  1.3112  0.0151  2.0360  0.5295  0.7575 -0.1961 -0.3275
1305031115.1112  1.2702  0.0026  2.0618  0.5247  0.7642 -0.1972 -0.3191
1305031115.1433  1.2117 -0.0070  2.0958  0.5200  0.7701 -0.2033 -0.3086
1305031115.1794  1.1773 -0.0204  2.1162  0.5160  0.7739 -0.2072 -0.3031
1305031115.2114  1.1398 -0.0178  2.1338  0.5142  0.7776 -0.2095 -0.2951
1305031115.2433  1.0883  0.0001  2.1608  0.5148  0.7791 -0.2165 -0.2847
1305031115.2800  1.0495 -0.0039  2.1836  0.5122  0.7818 -0.2214 -0.2782
1305031115.3117  0.9931 -0.0007  2.2062  0.5097  0.7855 -0.2273 -0.2675
1305031115.3432  0.9211  0.0111  2.2410  0.5082  0.7883 -0.2362 -0.2542
1305031115.3792  0.8853 -0.0263  2.2594  0.5002  0.7921 -0.2427 -0.2520
1305031115.4112  0.8849 -0.0502  2.2574  0.4958  0.7953 -0.2405 -0.2527
1305031115.4432  0.8575 -0.0600  2.2683  0.4925  0.7986 -0.2414 -0.2477
1305031115.4792  0.8238 -0.0829  2.2816  0.4868  0.8020 -0.2455 -0.2438
1305031115.5113  0.7728 -0.0823  2.2978  0.4839  0.8066 -0.2471 -0.2329
1305031115.5436  0.6724 -0.0765  2.3311  0.4794  0.8107 -0.2582 -0.2151
1305031115.5793  0.5850 -0.0786  2.3585  0.4743  0.8129 -0.2708 -0.2022
1305031115.6114  0.5230 -0.0714  2.3755  0.4721  0.8141 -0.2785 -0.1918
1305031115.6432  0.4557 -0.0611  2.3927  0.4699  0.8142 -0.2888 -0.1814
1305031115.6792  0.4129 -0.0580  2.4049  0.4678  0.8120 -0.3003 -0.1780
1305031115.7113  0.3776 -0.0474  2.4151  0.4674  0.8114 -0.3058 -0.1724
1305031115.7432  0.3049 -0.0324  2.4273  0.4653  0.8124 -0.3133 -0.1592
1305031115.7794  0.2278 -0.0164  2.4395  0.4629  0.8119 -0.3239 -0.1470
1305031115.8113  0.1493 -0.0051  2.4507  0.4595  0.8121 -0.3336 -0.1346
1305031115.8432  0.0663 -0.0061  2.4565  0.4533  0.8131 -0.3442 -0.1224
1305031115.8792  0.0096  0.0034  2.4590  0.4502  0.8112 -0.3550 -0.1154
1305031115.9111 -0.0404  0.0269  2.4638  0.4508  0.8103 -0.3593 -0.1053
1305031115.9433 -0.1080  0.0340  2.4670  0.4470  0.8102 -0.3673 -0.0947
1305031115.9807 -0.1551  0.0314  2.4640  0.4435  0.8086 -0.3756 -0.0918
1305031116.0114 -0.2100  0.0248  2.4537  0.4394  0.8082 -0.3821 -0.0882
1305031116.0432 -0.2947  0.0177  2.4420  0.4320  0.8092 -0.3907 -0.0766
1305031116.0800 -0.3689  0.0072  2.4315  0.4253  0.8093 -0.3995 -0.0670
1305031116.1113 -0.4476 -0.0148  2.4139  0.4146  0.8104 -0.4100 -0.0572
1305031116.1434 -0.5243 -0.0277  2.3961  0.4042  0.8107 -0.4210 -0.0460
1305031116.1796 -0.5645 -0.0316  2.3844  0.4003  0.8099 -0.4266 -0.0426
1305031116.2113 -0.6094 -0.0396  2.3689  0.3949  0.8094 -0.4331 -0.0381
1305031116.2433 -0.6564 -0.0474  2.3527  0.3877  0.8094 -0.4398 -0.0343
1305031116.2794 -0.7208 -0.0339  2.3322  0.3834  0.8069 -0.4488 -0.0239
1305031116.3113 -0.7766 -0.0401  2.3132  0.3757  0.8063 -0.4565 -0.0185
1305031116.3433 -0.8203 -0.0446  2.2937  0.3675  0.8062 -0.4634 -0.0146
1305031116.3794 -0.8429 -0.0139  2.2851  0.3704  0.8032 -0.4665 -0.0086
1305031116.4113 -0.8551  0.0051  2.2875  0.3717  0.8001 -0.4708 -0.0076
1305031116.4434 -0.8674  0.0041  2.2851  0.3680  0.7970 -0.4788 -0.0105
1305031116.4799 -0.8721  0.0133  2.2841  0.3680  0.7949 -0.4824 -0.0110
1305031116.5112 -0.8631  0.0137  2.2900  0.3701  0.7960 -0.4789 -0.0107
1305031116.5433 -0.8527  0.0122  2.2971  0.3721  0.7974 -0.4751 -0.0109
1305031116.5793 -0.8256 -0.0032  2.3116  0.3730  0.7995 -0.4706 -0.0159
1305031116.6113 -0.7770 -0.0134  2.3326  0.3778  0.8019 -0.4624 -0.0226
1305031116.6433 -0.7160 -0.0260  2.3562  0.3837  0.8052 -0.4511 -0.0302
1305031116.6793 -0.6589 -0.0429  2.3754  0.3882  0.8089 -0.4400 -0.0373
1305031116.7116 -0.6107 -0.0593  2.3934  0.3919  0.8129 -0.4288 -0.0423
1305031116.7433 -0.5576 -0.0843  2.4110  0.3946  0.8177 -0.4162 -0.0483
1305031116.7793 -0.5065 -0.1094  2.4247  0.3966  0.8222 -0.4046 -0.0544
1305031116.8113 -0.4502 -0.1152  2.4413  0.4013  0.8240 -0.3953 -0.0614
1305031116.8461 -0.3639 -0.1182  2.4636  0.4088  0.8250 -0.3833 -0.0733
1305031116.8802 -0.2747 -0.1340  2.4793  0.4139  0.8265 -0.3715 -0.0869
1305031116.9120 -0.1785 -0.1344  2.4952  0.4213  0.8255 -0.3615 -0.1017
1305031116.9433 -0.0861 -0.1440  2.5019  0.4271  0.8269 -0.3480 -0.1124
1305031116.9794 -0.0045 -0.1467  2.5037  0.4325  0.8294 -0.3330 -0.1192
1305031117.0114  0.0753 -0.1408  2.5052  0.4389  0.8307 -0.3187 -0.1252
1305031117.0433  0.1470 -0.1421  2.5038  0.4436  0.8314 -0.3074 -0.1319
1305031117.0795  0.2118 -0.1569  2.5016  0.4446  0.8334 -0.2973 -0.1392
1305031117.1112  0.2875 -0.1725  2.4938  0.4460  0.8332 -0.2896 -0.1513
1305031117.1432  0.3559 -0.1862  2.4841  0.4480  0.8324 -0.2829 -0.1622
1305031117.1793  0.4127 -0.1998  2.4715  0.4489  0.8337 -0.2735 -0.1690
1305031117.2114  0.4587 -0.2059  2.4581  0.4506  0.8341 -0.2659 -0.1749
1305031117.2433  0.4767 -0.2255  2.4529  0.4482  0.8362 -0.2612 -0.1777
1305031117.2793  0.4771 -0.2469  2.4488  0.4445  0.8396 -0.2573 -0.1771
1305031117.3112  0.4729 -0.2652  2.4463  0.4410  0.8416 -0.2566 -0.1770
1305031117.3432  0.4774 -0.2713  2.4428  0.4402  0.8420 -0.2561 -0.1781
1305031117.3795  0.4777 -0.2648  2.4422  0.4413  0.8413 -0.2566 -0.1780
1305031117.4112  0.4855 -0.2542  2.4409  0.4435  0.8395 -0.2575 -0.1794
1305031117.4433  0.4917 -0.2364  2.4416  0.4469  0.8371 -0.2588 -0.1803
1305031117.4794  0.4950 -0.2217  2.4412  0.4496  0.8349 -0.2609 -0.1811
1305031117.5113  0.5013 -0.1963  2.4403  0.4543  0.8316 -0.2629 -0.1816
1305031117.5443  0.5039 -0.1684  2.4422  0.4591  0.8283 -0.2650 -0.1813
1305031117.5791  0.5111 -0.1441  2.4409  0.4636  0.8262 -0.2642 -0.1806
1305031117.6112  0.5175 -0.1303  2.4385  0.4662  0.8241 -0.2655 -0.1817
1305031117.6432  0.5253 -0.1116  2.4358  0.4698  0.8212 -0.2674 -0.1829
1305031117.6793  0.5356 -0.0999  2.4329  0.4723  0.8194 -0.2675 -0.1843
1305031117.7112  0.5452 -0.0886  2.4272  0.4746  0.8173 -0.2687 -0.1860
1305031117.7432  0.5524 -0.0747  2.4229  0.4773  0.8144 -0.2714 -0.1878
1305031117.7795  0.5608 -0.0606  2.4191  0.4801  0.8120 -0.2727 -0.1891
1305031117.8113  0.5664 -0.0481  2.4125  0.4825  0.8097 -0.2746 -0.1902
1305031117.8433  0.5606 -0.0191  2.4106  0.4869  0.8071 -0.2763 -0.1875
1305031117.8795  0.5426  0.0011  2.4124  0.4892  0.8055 -0.2795 -0.1835
1305031117.9114  0.5331  0.0215  2.4094  0.4920  0.8036 -0.2819 -0.1809
1305031117.9432  0.5202  0.0421  2.4096  0.4947  0.8019 -0.2840 -0.1775
1305031117.9792  0.5109  0.0479  2.4083  0.4950  0.8014 -0.2859 -0.1758
1305031118.0112  0.5066  0.0611  2.4022  0.4969  0.8002 -0.2872 -0.1741
1305031118.0435  0.4977  0.0815  2.4000  0.4997  0.7981 -0.2896 -0.1717
1305031118.0793  0.4871  0.0995  2.3980  0.5021  0.7972 -0.2902 -0.1681
1305031118.1112  0.4613  0.1210  2.3977  0.5040  0.7963 -0.2927 -0.1618
1305031118.1432  0.4373  0.1427  2.3985  0.5061  0.7951 -0.2956 -0.1562
1305031118.1793  0.4203  0.1636  2.3953  0.5084  0.7937 -0.2976 -0.1516
1305031118.2112  0.4067  0.1853  2.3951  0.5093  0.7925 -0.3007 -0.1488
1305031118.2432  0.4100  0.2171  2.3901  0.5148  0.7894 -0.3004 -0.1469
1305031118.2792  0.4068  0.2564  2.3839  0.5211  0.7858 -0.3008 -0.1433
1305031118.3113  0.4063  0.3008  2.3772  0.5284  0.7812 -0.3015 -0.1401
1305031118.3433  0.3949  0.3357  2.3731  0.5335  0.7784 -0.3020 -0.1351
1305031118.3792  0.3862  0.3661  2.3677  0.5379  0.7755 -0.3032 -0.1315
1305031118.4113  0.3920  0.3841  2.3635  0.5412  0.7732 -0.3032 -0.1313
1305031118.4457  0.3898  0.3895  2.3621  0.5419  0.7718 -0.3056 -0.1313
1305031118.4793  0.3902  0.3952  2.3599  0.5427  0.7704 -0.3075 -0.1317
1305031118.5113  0.3870  0.4012  2.3603  0.5435  0.7697 -0.3082 -0.1309
1305031118.5444  0.3784  0.3883  2.3644  0.5409  0.7719 -0.3079 -0.1299
1305031118.5793  0.3695  0.3735  2.3682  0.5379  0.7738 -0.3084 -0.1293
1305031118.6161  0.3538  0.3623  2.3736  0.5352  0.7765 -0.3075 -0.1266
1305031118.6453  0.3398  0.3417  2.3811  0.5311  0.7799 -0.3068 -0.1249
1305031118.6793  0.3322  0.3120  2.3874  0.5258  0.7838 -0.3058 -0.1252
1305031118.7114  0.3314  0.2957  2.3901  0.5232  0.7865 -0.3035 -0.1253
1305031118.7468  0.3448  0.2835  2.3933  0.5220  0.7870 -0.3027 -0.1288
1305031118.7793  0.3610  0.2459  2.4002  0.5170  0.7909 -0.2990 -0.1336
1305031118.8112  0.3676  0.2125  2.4020  0.5119  0.7948 -0.2961 -0.1362
1305031118.8468  0.3641  0.2111  2.4070  0.5115  0.7950 -0.2963 -0.1358
1305031118.8792  0.3502  0.1851  2.4198  0.5066  0.7990 -0.2948 -0.1343
1305031118.9112  0.3445  0.1538  2.4243  0.5012  0.8031 -0.2928 -0.1345
1305031118.9470  0.3374  0.1328  2.4318  0.4974  0.8059 -0.2916 -0.1341
1305031118.9794  0.3331  0.1016  2.4395  0.4922  0.8104 -0.2880 -0.1338
1305031119.0114  0.3361  0.0605  2.4441  0.4857  0.8150 -0.2852 -0.1362
1305031119.0472  0.3407  0.0287  2.4475  0.4807  0.8180 -0.2838 -0.1388
1305031119.0792  0.3541  0.0030  2.4500  0.4773  0.8196 -0.2827 -0.1431
1305031119.1113  0.3723 -0.0204  2.4517  0.4746  0.8209 -0.2812 -0.1480
1305031119.1476  0.3903 -0.0461  2.4541  0.4714  0.8218 -0.2806 -0.1536
1305031119.1792  0.4113 -0.0659  2.4533  0.4694  0.8228 -0.2786 -0.1586
1305031119.2114  0.4199 -0.0765  2.4564  0.4682  0.8226 -0.2791 -0.1616
1305031119.2474  0.4260 -0.0979  2.4585  0.4651  0.8234 -0.2801 -0.1651
1305031119.2792  0.4304 -0.1178  2.4607  0.4621  0.8249 -0.2794 -0.1672
1305031119.3112  0.4316 -0.1399  2.4626  0.4586  0.8256 -0.2813 -0.1701
1305031119.3477  0.4408 -0.1577  2.4626  0.4562  0.8255 -0.2829 -0.1745
1305031119.3792  0.4505 -0.1782  2.4644  0.4534  0.8264 -0.2825 -0.1780
1305031119.4115  0.4477 -0.2013  2.4667  0.4496  0.8284 -0.2822 -0.1790
1305031119.4477  0.4338 -0.2265  2.4703  0.4446  0.8306 -0.2837 -0.1788
1305031119.4793  0.4243 -0.2415  2.4738  0.4416  0.8321 -0.2843 -0.1783
1305031119.5112  0.4182 -0.2732  2.4748  0.4360  0.8342 -0.2854 -0.1802
1305031119.5474  0.4173 -0.3056  2.4744  0.4306  0.8358 -0.2870 -0.1835
1305031119.5796  0.4104 -0.3420  2.4742  0.4241  0.8386 -0.2874 -0.1852
1305031119.6150  0.4006 -0.3834  2.4715  0.4165  0.8416 -0.2883 -0.1871
1305031119.6479  0.3984 -0.4244  2.4684  0.4095  0.8440 -0.2892 -0.1906
1305031119.6792  0.3874 -0.4704  2.4650  0.4010  0.8484 -0.2878 -0.1911
1305031119.7152  0.3630 -0.5221  2.4604  0.3907  0.8525 -0.2898 -0.1914
1305031119.7472  0.3506 -0.5648  2.4548  0.3826  0.8536 -0.2946 -0.1955
1305031119.7792  0.3554 -0.6027  2.4473  0.3764  0.8546 -0.2960 -0.2009
1305031119.8145  0.3550 -0.6374  2.4413  0.3704  0.8547 -0.2994 -0.2063
1305031119.8474  0.3444 -0.6744  2.4347  0.3633  0.8554 -0.3035 -0.2103
1305031119.8792  0.3339 -0.6965  2.4314  0.3588  0.8564 -0.3052 -0.2112
1305031119.9114  0.3244 -0.7162  2.4307  0.3550  0.8572 -0.3069 -0.2122
1305031119.9474  0.3153 -0.7572  2.4206  0.3472  0.8597 -0.3073 -0.2144
1305031119.9795  0.3006 -0.7823  2.4155  0.3418  0.8623 -0.3068 -0.2132
1305031120.0153  0.2820 -0.8215  2.4065  0.3337  0.8645 -0.3088 -0.2143
1305031120.0473  0.2747 -0.8694  2.3906  0.3245  0.8672 -0.3088 -0.2173
1305031120.0794  0.2797 -0.8830  2.3860  0.3223  0.8671 -0.3094 -0.2202
1305031120.1152  0.2868 -0.8967  2.3806  0.3203  0.8672 -0.3093 -0.2231
1305031120.1481  0.2857 -0.9055  2.3764  0.3185  0.8674 -0.3097 -0.2241
1305031120.1792  0.2753 -0.8970  2.3800  0.3193  0.8661 -0.3130 -0.2234
1305031120.2152  0.2727 -0.8679  2.3909  0.3244  0.8641 -0.3149 -0.2212
1305031120.2480  0.2734 -0.8404  2.4009  0.3294  0.8633 -0.3141 -0.2180
1305031120.2794  0.2686 -0.8120  2.4103  0.3341  0.8624 -0.3143 -0.2142
1305031120.3152  0.2653 -0.7826  2.4189  0.3392  0.8611 -0.3147 -0.2107
1305031120.3478  0.2617 -0.7474  2.4291  0.3452  0.8595 -0.3152 -0.2068
1305031120.3794  0.2585 -0.7173  2.4351  0.3502  0.8577 -0.3165 -0.2039
1305031120.4154  0.2559 -0.6599  2.4479  0.3600  0.8539 -0.3188 -0.1993
1305031120.4474  0.2562 -0.6081  2.4610  0.3690  0.8500 -0.3208 -0.1960
1305031120.4794  0.2538 -0.5674  2.4671  0.3758  0.8469 -0.3230 -0.1929
1305031120.5148  0.2584 -0.5092  2.4771  0.3860  0.8416 -0.3261 -0.1906
1305031120.5477  0.2693 -0.4575  2.4846  0.3954  0.8363 -0.3289 -0.1901
1305031120.5796  0.2831 -0.4219  2.4875  0.4022  0.8316 -0.3316 -0.1915
1305031120.6152  0.2976 -0.3818  2.4892  0.4098  0.8271 -0.3333 -0.1920
1305031120.6474  0.3072 -0.3368  2.4926  0.4180  0.8233 -0.3337 -0.1901
1305031120.6793  0.3089 -0.3049  2.4942  0.4233  0.8206 -0.3348 -0.1881
1305031120.7145  0.3085 -0.2729  2.4954  0.4286  0.8178 -0.3360 -0.1858
1305031120.7474  0.3187 -0.2441  2.4946  0.4341  0.8152 -0.3357 -0.1852
1305031120.7799  0.3246 -0.2075  2.4948  0.4405  0.8123 -0.3356 -0.1830
1305031120.8149  0.3227 -0.1770  2.4968  0.4455  0.8102 -0.3359 -0.1800
1305031120.8479  0.3258 -0.1569  2.4954  0.4491  0.8095 -0.3338 -0.1776
1305031120.8834  0.3189 -0.1196  2.4969  0.4549  0.8074 -0.3337 -0.1727
1305031120.9154  0.3107 -0.0961  2.4980  0.4583  0.8064 -0.3334 -0.1688
1305031120.9475  0.3072 -0.0725  2.4975  0.4621  0.8054 -0.3324 -0.1654
1305031120.9834  0.3054 -0.0466  2.4967  0.4663  0.8040 -0.3315 -0.1623
1305031121.0150  0.3055 -0.0167  2.4961  0.4712  0.8018 -0.3310 -0.1595
1305031121.0475  0.3025  0.0044  2.4961  0.4745  0.8004 -0.3309 -0.1570
1305031121.0831  0.3092  0.0367  2.4931  0.4803  0.7977 -0.3299 -0.1552
1305031121.1147  0.3123  0.0688  2.4920  0.4857  0.7947 -0.3303 -0.1533
1305031121.1473  0.3144  0.0977  2.4897  0.4905  0.7921 -0.3301 -0.1513
1305031121.1833  0.3184  0.1289  2.4866  0.4959  0.7894 -0.3296 -0.1493
1305031121.2114  0.3115  0.1648  2.4842  0.5013  0.7865 -0.3302 -0.1452
1305031121.2472  0.3047  0.1904  2.4826  0.5049  0.7846 -0.3307 -0.1419
1305031121.2829  0.3106  0.2120  2.4780  0.5088  0.7821 -0.3308 -0.1414
1305031121.3136  0.3074  0.2502  2.4736  0.5147  0.7783 -0.3320 -0.1382
1305031121.3475  0.3152  0.2756  2.4682  0.5193  0.7751 -0.3324 -0.1379
1305031121.3832  0.3158  0.3116  2.4622  0.5251  0.7717 -0.3324 -0.1351
1305031121.4143  0.3085  0.3515  2.4574  0.5311  0.7683 -0.3327 -0.1306
1305031121.4473  0.3051  0.3729  2.4535  0.5342  0.7656 -0.3345 -0.1289
1305031121.4830  0.2918  0.4087  2.4472  0.5390  0.7622 -0.3364 -0.1242
1305031121.5141  0.2864  0.4338  2.4438  0.5424  0.7592 -0.3385 -0.1220
1305031121.5473  0.2833  0.4419  2.4416  0.5436  0.7584 -0.3387 -0.1207
1305031121.5832  0.2732  0.4588  2.4379  0.5457  0.7574 -0.3388 -0.1174
1305031121.6147  0.2624  0.4708  2.4345  0.5461  0.7573 -0.3391 -0.1152
1305031121.6472  0.2360  0.4839  2.4335  0.5466  0.7577 -0.3396 -0.1091
1305031121.6832  0.2177  0.4844  2.4329  0.5454  0.7580 -0.3416 -0.1060
1305031121.7145  0.2147  0.4929  2.4295  0.5463  0.7566 -0.3435 -0.1055
1305031121.7471  0.2110  0.4926  2.4288  0.5460  0.7566 -0.3441 -0.1050
1305031121.7828  0.2082  0.4946  2.4260  0.5459  0.7557 -0.3462 -0.1050
1305031121.8115  0.1998  0.4961  2.4254  0.5454  0.7552 -0.3484 -0.1041
1305031121.8473  0.1921  0.4902  2.4263  0.5436  0.7548 -0.3519 -0.1044
1305031121.8821  0.1952  0.4797  2.4279  0.5414  0.7536 -0.3568 -0.1079
1305031121.9149  0.2038  0.4697  2.4293  0.5403  0.7538 -0.3572 -0.1107
1305031121.9473  0.2092  0.4703  2.4283  0.5410  0.7542 -0.3552 -0.1109
1305031121.9829  0.2039  0.4613  2.4320  0.5392  0.7556 -0.3550 -0.1105
1305031122.0143  0.2014  0.4509  2.4352  0.5377  0.7577 -0.3529 -0.1100
1305031122.0473  0.2024  0.4439  2.4385  0.5371  0.7600 -0.3493 -0.1094
1305031122.0830  0.1980  0.4326  2.4430  0.5354  0.7627 -0.3463 -0.1082
1305031122.1147  0.1935  0.4188  2.4494  0.5333  0.7659 -0.3429 -0.1071
1305031122.1507  0.1877  0.3987  2.4558  0.5303  0.7702 -0.3382 -0.1055
1305031122.1830  0.1757  0.3862  2.4624  0.5281  0.7739 -0.3341 -0.1023
1305031122.2150  0.1643  0.3428  2.4760  0.5211  0.7807 -0.3296 -0.1016
1305031122.2513  0.1590  0.2986  2.4828  0.5140  0.7865 -0.3267 -0.1025
1305031122.2836  0.1624  0.2698  2.4912  0.5099  0.7901 -0.3238 -0.1042
1305031122.3143  0.1725  0.2107  2.5019  0.5015  0.7973 -0.3180 -0.1081
1305031122.3513  0.1838  0.1594  2.5063  0.4942  0.8029 -0.3139 -0.1122
1305031122.3826  0.1954  0.1118  2.5123  0.4874  0.8074 -0.3112 -0.1169
1305031122.4150  0.2190  0.0720  2.5141  0.4825  0.8106 -0.3081 -0.1233
1305031122.4513  0.2439  0.0399  2.5175  0.4789  0.8126 -0.3057 -0.1297
1305031122.4834  0.2690  0.0041  2.5191  0.4748  0.8151 -0.3027 -0.1362
1305031122.5151  0.2879 -0.0233  2.5212  0.4717  0.8175 -0.2992 -0.1405
1305031122.5515  0.2920 -0.0521  2.5242  0.4675  0.8205 -0.2967 -0.1422
1305031122.5832  0.2862 -0.0794  2.5272  0.4628  0.8236 -0.2954 -0.1423
1305031122.6150  0.2888 -0.1029  2.5292  0.4592  0.8248 -0.2963 -0.1451
1305031122.6488  0.2991 -0.1179  2.5316  0.4575  0.8250 -0.2967 -0.1486
1305031122.6834  0.3052 -0.1346  2.5341  0.4554  0.8257 -0.2966 -0.1512
1305031122.7152  0.3199 -0.1559  2.5347  0.4528  0.8258 -0.2976 -0.1566
1305031122.7513  0.3341 -0.1772  2.5354  0.4504  0.8265 -0.2969 -0.1609
1305031122.7834  0.3343 -0.2160  2.5359  0.4442  0.8298 -0.2957 -0.1632
1305031122.8126  0.3306 -0.2629  2.5342  0.4364  0.8338 -0.2948 -0.1656
1305031122.8514  0.3105 -0.2921  2.5365  0.4305  0.8375 -0.2942 -0.1633
1305031122.8837  0.2778 -0.3286  2.5390  0.4227  0.8411 -0.2968 -0.1606
1305031122.9146  0.2642 -0.3643  2.5378  0.4160  0.8435 -0.2988 -0.1617
1305031122.9513  0.2599 -0.3863  2.5379  0.4122  0.8451 -0.2990 -0.1627
1305031122.9828  0.2576 -0.4149  2.5378  0.4073  0.8458 -0.3017 -0.1663
1305031123.0155  0.2615 -0.4442  2.5342  0.4026  0.8465 -0.3036 -0.1708
1305031123.0518  0.2575 -0.4578  2.5341  0.4001  0.8469 -0.3050 -0.1720
1305031123.0830  0.2507 -0.4744  2.5356  0.3970  0.8472 -0.3073 -0.1735
1305031123.1139  0.2420 -0.5103  2.5325  0.3906  0.8489 -0.3096 -0.1761
1305031123.1508  0.2376 -0.5431  2.5276  0.3848  0.8511 -0.3096 -0.1779
1305031123.1821  0.2276 -0.5750  2.5239  0.3789  0.8534 -0.3101 -0.1789
1305031123.2147  0.2018 -0.6187  2.5186  0.3700  0.8568 -0.3117 -0.1781
1305031123.2506  0.1814 -0.6695  2.5097  0.3602  0.8612 -0.3114 -0.1778
1305031123.2823  0.1611 -0.7358  2.4943  0.3474  0.8652 -0.3134 -0.1806
1305031123.3113  0.1361 -0.7865  2.4823  0.3369  0.8682 -0.3159 -0.1815
1305031123.3505  0.1115 -0.8315  2.4701  0.3274  0.8712 -0.3176 -0.1814
1305031123.3823  0.0816 -0.8764  2.4570  0.3174  0.8732 -0.3220 -0.1823
1305031123.4114  0.0538 -0.9068  2.4476  0.3107  0.8748 -0.3247 -0.1810
1305031123.4513  0.0369 -0.9389  2.4377  0.3038  0.8767 -0.3259 -0.1812
1305031123.4836  0.0175 -0.9810  2.4225  0.2948  0.8781 -0.3290 -0.1835
1305031123.5114  0.0009 -1.0143  2.4096  0.2875  0.8796 -0.3310 -0.1847
1305031123.5515 -0.0026 -1.0316  2.4060  0.2854  0.8796 -0.3319 -0.1862
1305031123.5796 -0.0132 -1.0607  2.3943  0.2793  0.8804 -0.3338 -0.1884
1305031123.6113 -0.0259 -1.0850  2.3860  0.2741  0.8818 -0.3344 -0.1886
1305031123.6524 -0.0396 -1.1225  2.3696  0.2662  0.8844 -0.3337 -0.1888
1305031123.6837 -0.0629 -1.1575  2.3538  0.2581  0.8863 -0.3352 -0.1884
1305031123.7113 -0.0836 -1.1888  2.3395  0.2515  0.8878 -0.3364 -0.1882
1305031123.7517 -0.0978 -1.2182  2.3236  0.2446  0.8890 -0.3375 -0.1897
1305031123.7838 -0.1016 -1.2319  2.3178  0.2420  0.8889 -0.3387 -0.1914
1305031123.8116 -0.1059 -1.2425  2.3132  0.2397  0.8890 -0.3395 -0.1925
1305031123.8514 -0.1119 -1.2498  2.3098  0.2378  0.8887 -0.3410 -0.1933
1305031123.8838 -0.1094 -1.2478  2.3107  0.2383  0.8881 -0.3418 -0.1943
1305031123.9112 -0.1023 -1.2308  2.3205  0.2422  0.8873 -0.3414 -0.1938
1305031123.9514 -0.1038 -1.2295  2.3214  0.2422  0.8867 -0.3425 -0.1943
1305031123.9834 -0.1003 -1.2265  2.3213  0.2429  0.8854 -0.3442 -0.1964
1305031124.0113 -0.0823 -1.1883  2.3405  0.2514  0.8828 -0.3446 -0.1966
1305031124.0515 -0.0687 -1.1583  2.3557  0.2580  0.8808 -0.3448 -0.1967
1305031124.0838 -0.0587 -1.1390  2.3625  0.2622  0.8791 -0.3456 -0.1975
1305031124.1113 -0.0438 -1.0883  2.3845  0.2727  0.8764 -0.3456 -0.1952
1305031124.1474 -0.0349 -1.0501  2.4015  0.2804  0.8749 -0.3448 -0.1925
1305031124.1827 -0.0290 -1.0238  2.4101  0.2856  0.8740 -0.3441 -0.1902
1305031124.2114 -0.0224 -0.9689  2.4307  0.2960  0.8714 -0.3442 -0.1860
1305031124.2493 -0.0146 -0.9264  2.4480  0.3042  0.8688 -0.3446 -0.1838
1305031124.2825  0.0061 -0.9036  2.4549  0.3098  0.8672 -0.3433 -0.1850
1305031124.3114  0.0227 -0.8574  2.4693  0.3190  0.8639 -0.3436 -0.1843
1305031124.3503  0.0394 -0.8116  2.4844  0.3283  0.8610 -0.3428 -0.1828
1305031124.3824  0.0484 -0.7667  2.4977  0.3368  0.8586 -0.3422 -0.1799
1305031124.4114  0.0539 -0.7137  2.5122  0.3463  0.8553 -0.3428 -0.1763
1305031124.4502  0.0606 -0.6515  2.5287  0.3575  0.8520 -0.3419 -0.1713
1305031124.4801  0.0680 -0.5909  2.5429  0.3683  0.8489 -0.3406 -0.1664
1305031124.5113  0.0776 -0.5327  2.5558  0.3788  0.8454 -0.3397 -0.1625
1305031124.5504  0.0864 -0.4816  2.5655  0.3881  0.8427 -0.3378 -0.1586
1305031124.5794  0.0976 -0.4310  2.5729  0.3974  0.8396 -0.3362 -0.1553
1305031124.6114  0.1084 -0.3731  2.5807  0.4077  0.8360 -0.3345 -0.1515
1305031124.6513  0.1195 -0.3246  2.5858  0.4165  0.8331 -0.3322 -0.1482
1305031124.6794  0.1234 -0.2690  2.5905  0.4260  0.8296 -0.3311 -0.1436
1305031124.7113  0.1208 -0.2176  2.5956  0.4343  0.8265 -0.3304 -0.1385
1305031124.7499  0.1196 -0.1727  2.5971  0.4416  0.8239 -0.3291 -0.1337
1305031124.7794  0.1225 -0.1215  2.5993  0.4501  0.8200 -0.3288 -0.1300
1305031124.8114  0.1233 -0.0800  2.5994  0.4569  0.8170 -0.3283 -0.1265
1305031124.8505  0.1262 -0.0418  2.5985  0.4633  0.8142 -0.3273 -0.1235
1305031124.8793  0.1171  0.0069  2.5982  0.4705  0.8108 -0.3276 -0.1179
1305031124.9114  0.0999  0.0385  2.5975  0.4745  0.8087 -0.3288 -0.1126
1305031124.9507  0.0881  0.0586  2.5942  0.4771  0.8077 -0.3290 -0.1085
1305031124.9794  0.0824  0.1104  2.5910  0.4849  0.8033 -0.3298 -0.1037
1305031125.0115  0.0946  0.1608  2.5864  0.4936  0.7983 -0.3296 -0.1021
1305031125.0508  0.1057  0.1823  2.5813  0.4974  0.7962 -0.3286 -0.1034
1305031125.0794  0.0977  0.2025  2.5773  0.4998  0.7935 -0.3319 -0.1019
1305031125.1114  0.1011  0.2331  2.5712  0.5047  0.7904 -0.3323 -0.1005
1305031125.1510  0.0955  0.2710  2.5663  0.5105  0.7880 -0.3307 -0.0957
1305031125.1793  0.0808  0.2795  2.5649  0.5107  0.7871 -0.3331 -0.0932
1305031125.2113  0.0736  0.2874  2.5583  0.5116  0.7866 -0.3334 -0.0913
1305031125.2506  0.0709  0.3209  2.5502  0.5169  0.7844 -0.3316 -0.0873
1305031125.2795  0.0670  0.3454  2.5460  0.5206  0.7824 -0.3312 -0.0845
1305031125.3115  0.0565  0.3664  2.5382  0.5233  0.7806 -0.3320 -0.0811
1305031125.3489  0.0476  0.3956  2.5326  0.5276  0.7789 -0.3303 -0.0763
1305031125.3794  0.0270  0.4046  2.5285  0.5283  0.7800 -0.3280 -0.0704
1305031125.4113 -0.0092  0.4122  2.5253  0.5272  0.7799 -0.3313 -0.0639
1305031125.4512 -0.0380  0.4082  2.5225  0.5249  0.7813 -0.3325 -0.0588
1305031125.4794 -0.0626  0.4236  2.5169  0.5260  0.7806 -0.3335 -0.0530
1305031125.5113 -0.0835  0.4271  2.5154  0.5252  0.7806 -0.3353 -0.0494
1305031125.5510 -0.1034  0.4262  2.5144  0.5240  0.7815 -0.3355 -0.0455
1305031125.5793 -0.1261  0.4204  2.5134  0.5220  0.7831 -0.3355 -0.0412
1305031125.6115 -0.1434  0.4289  2.5096  0.5221  0.7823 -0.3376 -0.0380
1305031125.6506 -0.1395  0.4506  2.5079  0.5252  0.7789 -0.3407 -0.0387
1305031125.6793 -0.1164  0.4554  2.5129  0.5272  0.7777 -0.3397 -0.0428
1305031125.7114 -0.0916  0.4614  2.5135  0.5296  0.7765 -0.3382 -0.0467
1305031125.7513 -0.0838  0.4638  2.5197  0.5304  0.7761 -0.3377 -0.0481
1305031125.7793 -0.0837  0.4444  2.5257  0.5277  0.7791 -0.3349 -0.0483
1305031125.8116 -0.0921  0.4247  2.5333  0.5243  0.7817 -0.3343 -0.0478
1305031125.8474 -0.1027  0.3934  2.5404  0.5189  0.7854 -0.3340 -0.0478
1305031125.8793 -0.0995  0.3723  2.5477  0.5158  0.7875 -0.3335 -0.0497
1305031125.9113 -0.0811  0.3286  2.5586  0.5100  0.7912 -0.3328 -0.0563
1305031125.9473 -0.0447  0.2966  2.5653  0.5070  0.7929 -0.3317 -0.0654
1305031125.9793 -0.0084  0.2694  2.5739  0.5047  0.7939 -0.3309 -0.0744
1305031126.0113  0.0149  0.2329  2.5817  0.5006  0.7973 -0.3275 -0.0801
1305031126.0473  0.0155  0.1914  2.5898  0.4942  0.8011 -0.3272 -0.0830
1305031126.0793  0.0047  0.1422  2.5969  0.4858  0.8056 -0.3282 -0.0849
1305031126.1114 -0.0012  0.0985  2.6013  0.4788  0.8099 -0.3277 -0.0866
1305031126.1474 -0.0104  0.0560  2.6079  0.4715  0.8132 -0.3295 -0.0888
1305031126.1794 -0.0116 -0.0077  2.6122  0.4614  0.8183 -0.3298 -0.0933
1305031126.2113 -0.0121 -0.0555  2.6142  0.4538  0.8222 -0.3297 -0.0967
1305031126.2473 -0.0230 -0.1003  2.6182  0.4461  0.8260 -0.3303 -0.0981
1305031126.2794 -0.0344 -0.1512  2.6187  0.4374  0.8303 -0.3307 -0.0998
1305031126.3113 -0.0536 -0.2051  2.6197  0.4278  0.8353 -0.3306 -0.0998
1305031126.3474 -0.0742 -0.2563  2.6179  0.4184  0.8400 -0.3309 -0.0995
1305031126.3794 -0.0906 -0.3025  2.6170  0.4101  0.8440 -0.3311 -0.0996
1305031126.4115 -0.0999 -0.3541  2.6147  0.4013  0.8483 -0.3304 -0.1011
1305031126.4474 -0.1095 -0.4005  2.6106  0.3930  0.8513 -0.3317 -0.1036
1305031126.4795 -0.1115 -0.4349  2.6090  0.3870  0.8523 -0.3348 -0.1080
1305031126.5114 -0.1062 -0.4778  2.6075  0.3802  0.8540 -0.3366 -0.1137
1305031126.5474 -0.1075 -0.5308  2.5999  0.3714  0.8570 -0.3371 -0.1180
1305031126.5794 -0.1227 -0.5733  2.5938  0.3633  0.8593 -0.3395 -0.1199
1305031126.6115 -0.1363 -0.6201  2.5854  0.3545  0.8618 -0.3416 -0.1225
1305031126.6474 -0.1500 -0.6567  2.5773  0.3473  0.8635 -0.3438 -0.1243
1305031126.6795 -0.1695 -0.6801  2.5737  0.3417  0.8634 -0.3491 -0.1261
1305031126.7116 -0.1840 -0.7081  2.5681  0.3357  0.8637 -0.3531 -0.1285
1305031126.7473 -0.1995 -0.7245  2.5639  0.3315  0.8634 -0.3575 -0.1300
1305031126.7794 -0.2113 -0.7331  2.5635  0.3290  0.8624 -0.3616 -0.1315
1305031126.8116 -0.2248 -0.7451  2.5605  0.3259  0.8626 -0.3638 -0.1314
1305031126.8473 -0.2479 -0.7549  2.5580  0.3226  0.8633 -0.3660 -0.1291
1305031126.8793 -0.2615 -0.7645  2.5558  0.3201  0.8638 -0.3674 -0.1281
1305031126.9114 -0.2747 -0.7730  2.5537  0.3178  0.8645 -0.3683 -0.1267
1305031126.9474 -0.2850 -0.7780  2.5538  0.3164  0.8643 -0.3702 -0.1262
1305031126.9793 -0.2849 -0.7804  2.5535  0.3158  0.8638 -0.3712 -0.1274
1305031127.0114 -0.2826 -0.7757  2.5559  0.3168  0.8635 -0.3711 -0.1273
1305031127.0473 -0.2831 -0.7731  2.5572  0.3172  0.8631 -0.3717 -0.1275
1305031127.0793 -0.2831 -0.7762  2.5559  0.3167  0.8633 -0.3716 -0.1277
1305031127.1114 -0.2742 -0.7730  2.5573  0.3177  0.8625 -0.3720 -0.1296
1305031127.1473 -0.2582 -0.7636  2.5613  0.3204  0.8614 -0.3714 -0.1317
1305031127.1793 -0.2437 -0.7528  2.5662  0.3234  0.8607 -0.3701 -0.1329
1305031127.2117 -0.2394 -0.7475  2.5674  0.3246  0.8603 -0.3698 -0.1330
1305031127.2474 -0.2389 -0.7326  2.5706  0.3272  0.8598 -0.3692 -0.1313
1305031127.2795 -0.2377 -0.7213  2.5745  0.3293  0.8595 -0.3687 -0.1302
1305031127.3114 -0.2340 -0.7192  2.5739  0.3299  0.8594 -0.3682 -0.1303
1305031127.3473 -0.2278 -0.7013  2.5776  0.3333  0.8583 -0.3680 -0.1298
1305031127.3793 -0.2231 -0.6866  2.5824  0.3362  0.8575 -0.3675 -0.1291
1305031127.4114 -0.2183 -0.6835  2.5824  0.3371  0.8574 -0.3667 -0.1291
1305031127.4473 -0.2137 -0.6723  2.5839  0.3393  0.8569 -0.3662 -0.1286
1305031127.4794 -0.2084 -0.6646  2.5867  0.3411  0.8566 -0.3652 -0.1283
1305031127.5113 -0.2035 -0.6688  2.5849  0.3408  0.8572 -0.3639 -0.1287
1305031127.5473 -0.2013 -0.6621  2.5844  0.3421  0.8569 -0.3636 -0.1282
1305031127.5793 -0.2005 -0.6541  2.5869  0.3435  0.8565 -0.3634 -0.1276
1305031127.6113 -0.2003 -0.6587  2.5856  0.3428  0.8568 -0.3633 -0.1279
1305031127.6474 -0.2039 -0.6590  2.5838  0.3423  0.8564 -0.3647 -0.1282
1305031127.6793 -0.2039 -0.6497  2.5861  0.3438  0.8557 -0.3650 -0.1276
1305031127.7114 -0.2007 -0.6508  2.5864  0.3439  0.8560 -0.3643 -0.1279
1305031127.7473 -0.2012 -0.6549  2.5845  0.3432  0.8561 -0.3645 -0.1282
1305031127.7793 -0.2011 -0.6473  2.5857  0.3444  0.8556 -0.3646 -0.1277
1305031127.8118 -0.1996 -0.6443  2.5877  0.3451  0.8558 -0.3638 -0.1272
1305031127.8474 -0.1989 -0.6474  2.5865  0.3448  0.8564 -0.3629 -0.1268
1305031127.8794 -0.1989 -0.6474  2.5864  0.3448  0.8564 -0.3628 -0.1268
1305031127.9115 -0.1941 -0.6477  2.5867  0.3451  0.8564 -0.3622 -0.1274
1305031127.9474 -0.1932 -0.6536  2.5851  0.3441  0.8566 -0.3624 -0.1283
1305031127.9794 -0.1929 -0.6617  2.5817  0.3428  0.8571 -0.3623 -0.1289
1305031128.0114 -0.1965 -0.6695  2.5783  0.3412  0.8577 -0.3625 -0.1289
1305031128.0474 -0.2072 -0.6792  2.5729  0.3386  0.8581 -0.3640 -0.1286
1305031128.0793 -0.2125 -0.6754  2.5724  0.3388  0.8577 -0.3650 -0.1277
1305031128.1114 -0.2134 -0.6716  2.5734  0.3393  0.8572 -0.3657 -0.1278
1305031128.1474 -0.2184 -0.6748  2.5712  0.3382  0.8568 -0.3674 -0.1283
1305031128.1793 -0.2239 -0.6665  2.5720  0.3391  0.8562 -0.3686 -0.1272
1305031128.2114 -0.2246 -0.6587  2.5750  0.3403  0.8555 -0.3691 -0.1268
1305031128.2475 -0.2246 -0.6633  2.5738  0.3396  0.8558 -0.3690 -0.1271
1305031128.2793 -0.2251 -0.6621  2.5731  0.3397  0.8559 -0.3688 -0.1267
1305031128.3115 -0.2245 -0.6584  2.5746  0.3405  0.8559 -0.3682 -0.1260
1305031128.3474 -0.2238 -0.6620  2.5735  0.3400  0.8565 -0.3673 -0.1258
1305031128.3794 -0.2231 -0.6654  2.5721  0.3396  0.8572 -0.3662 -0.1253
1305031128.4113 -0.2229 -0.6643  2.5725  0.3399  0.8576 -0.3652 -0.1245
1305031128.4473 -0.2220 -0.6654  2.5726  0.3400  0.8581 -0.3642 -0.1240
1305031128.4793 -0.2213 -0.6689  2.5715  0.3395  0.8587 -0.3634 -0.1239
1305031128.5114 -0.2243 -0.6687  2.5713  0.3394  0.8589 -0.3632 -0.1231
1305031128.5474 -0.2282 -0.6704  2.5704  0.3389  0.8593 -0.3630 -0.1222
1305031128.5794 -0.2325 -0.6676  2.5703  0.3391  0.8593 -0.3633 -0.1212
1305031128.6114 -0.2324 -0.6630  2.5715  0.3398  0.8590 -0.3634 -0.1209
1305031128.6474 -0.2274 -0.6634  2.5721  0.3401  0.8589 -0.3630 -0.1218
1305031128.6793 -0.2231 -0.6629  2.5724  0.3405  0.8588 -0.3626 -0.1223
1305031128.7115 -0.2247 -0.6589  2.5737  0.3412  0.8591 -0.3617 -0.1209
1305031128.7474 -0.2308 -0.6590  2.5738  0.3409  0.8597 -0.3613 -0.1193
